677586
958713
1865901
2066823
3175537
4159387
4316950
4723091
759787
555977
1345891
4553592
1042128
3964427
110097
2428731
21207
1995530
3956881
3223314
3797642
1639914
1331843
2401470
3041277
3647430
1641336
130942
4180049
3705591
4828196
1977320
3035546
4229923
2036686
3961167
4504383
4104039
1663846
2022306
520370
1446305
511161
3815030
2591291
4682161
4058650
76339
338634
1119400
783447
306392
1500912
1071663
4195678
4003746
956124
3642942
4517501
3075385
4175438
477662
824597
1946973
2632592
2361475
2858507
2858643
